"","V1","V2","V3"
"1",0.952274468266932,0.0469878427665139,0.000737688966554319
"2",0.895066085972287,0.0887888047876785,0.0161451092400347
"3",0.978195008638481,0.0141170133103511,0.00768797805116789
"4",0.962583537799261,0.0370601195321189,0.000356342668619881
"5",0.436538213275938,0.521223592322504,0.042238194401558
"6",0.461639238804039,0.490915273518317,0.0474454876776441
"7",0.98340533967819,0,0.0165946603218096
"8",1,0,0
"9",0.997449311328755,0,0.00255068867124521
"10",0.554462906140958,0.389016112874925,0.0565209809841161
"11",0.966207991578211,0.0260391375552768,0.00775287086651168
"12",0.0815192634397823,0.918480736560218,0
"13",0.0808106348916222,0.894335446829378,0.0248539182789994
"14",0,1,0
"15",0.416784066223326,0.580448687427755,0.00276724634891861
"16",0.413548890112938,0.584354708361488,0.00209640152557395
"17",0.343662069363804,0.647200886703906,0.00913704393228993
"18",0,0.998876394737918,0.00112360526208218
"19",0.0694712341224572,0.926555479187143,0.00397328669040021
"20",0.083923710435362,0.916076289564638,0
"21",0,0.98127060204157,0.0187293979584297
"22",0.390835446608679,0.609164553391321,0
"23",0.331563390174514,0.668091806703086,0.000344803122400216
"24",0.947794714483771,0,0.0522052855162292
"25",0.855323625556276,0.106950147036646,0.0377262274070785
"26",0.527776783890301,0.348943260341005,0.123279955768693
"27",0.473315265912154,0.526684734087846,0
"28",0.582938826316546,0.417061173683454,0
"29",0.211719143579926,0.788280856420074,0
"30",0.685735165220421,0.314264834779578,0
"31",0.579874969476729,0.420125030523271,0
"32",0.0642876291491754,0.935712370850825,0
"33",0.496182572611453,0.434210969862945,0.0696064575256018
"34",0.0846130544223453,0.906680327221324,0.00870661835633115
"35",0.182098366257263,0.795270338069789,0.0226312956729483
"36",0.667137047493383,0.332862952506617,0
"37",0.303867482384709,0.678245221153401,0.0178872964618894
"38",0.982681840984396,0.0173181590156043,0
"39",0.787559347856977,0.212440652143023,0
"40",0.987421975793198,0.012578024206802,0
"41",0.995933581235049,0.00406641876495119,0
"42",0.526893277904343,0.473106722095657,0
"43",0.553624031912164,0.446375968087836,0
"44",0.197273817446899,0.769080449834425,0.0336457327186765
"45",1,0,0
"46",1,0,0
"47",0.140542299441778,0.854433205669428,0.00502449488879366
"48",0.230742528411931,0.762880591105597,0.0063768804824714
"49",0.581859595132913,0.418140404867087,0
"50",0.830803349190347,0.16434769868654,0.00484895212311295
"51",0.102648453520477,0.895214239248137,0.00213730723138599
"52",0.719617429072654,0.280382570927346,0
"53",0.98020317344,0.0197968265600003,0
"54",0.367951152804042,0.61875150770651,0.0132973394894478
"55",0.414078150416025,0.559266822898731,0.0266550266852443
"56",0.823138661489948,0.169121252913193,0.00774008559685924
"57",0.0839826057529729,0.882172037160332,0.0338453570866946
"58",0.979525696651936,0.0204743033480643,0
"59",0.448736756798508,0.520501648049931,0.0307615951515609
"60",0.570247927912284,0.429752072087716,0
"61",0.903483031710066,0.0965169682899335,0
"62",0.802735149271971,0.197264850728029,0
"63",0.19042773307079,0.80957226692921,0
"64",0.0540430359348168,0.945956964065183,0
"65",0.394625213606195,0.572825080195019,0.0325497061987863
"66",0.928820345871174,0.0583068572253667,0.0128727969034592
"67",0.400558816381309,0.392248030275742,0.207193153342948
"68",0.695714154300704,0.164014392311291,0.140271453388005
"69",0.419303276249603,0.49328716413068,0.0874095596197175
"70",0.0225312195856219,0,0.977468780414378
"71",0,0.0650426067247873,0.934957393275213
"72",0,0.0440832564815184,0.955916743518482
"73",0,0.0122212627621568,0.987778737237843
"74",0,0.0272822872809528,0.972717712719047
"75",0.0175359769689772,0,0.982464023031023
"76",0.0352205679293157,0,0.964779432070684
"77",0,0.0164884191947312,0.983511580805269
"78",0.0371294536741476,0.00900746100903,0.953863085316822
"79",0,0.0299836673844109,0.970016332615589
"80",0.246688445366596,0.241643619813875,0.511667934819528
"81",0.128611927901891,0.189464817172378,0.681923254925731
"82",0.195785126576305,0.194563270821384,0.60965160260231
"83",0.184007351258875,0.0873392541909437,0.728653394550182
"84",0.168331557999369,0.106762884627397,0.724905557373234
"85",0.080934996143016,0.170591453951667,0.748473549905317
"86",0.140147607422221,0.0891644875326706,0.770687905045109
"87",0.0859384905696036,0.166021765941853,0.748039743488544
"88",0.126990317489326,0.0064950390390903,0.866514643471583
"89",0.173942459430065,0.210720200409452,0.615337340160484
"90",0.0427044041392771,0,0.957295595860723
"91",0.163511299688837,0.208251978687603,0.62823672162356
"92",0,0,1
"93",0.168110777091707,0.220128728472197,0.611760494436096
"94",0.173595548678023,0.119570252192988,0.706834199128989
"95",0.0818345505251522,0.120677708769229,0.797487740705619
"96",0.211879843749873,0.167220981915919,0.620899174334208
