"","V1","V2","V3","V4"
"1",0.465968328595372,0.0134031442242677,0,0.52062852718036
"2",0.549891381973864,0.0452947688336906,0.00571329235334403,0.399100556839101
"3",0.854079950876254,0,0.00833659531370482,0.137583453810041
"4",0.523141419694423,0.00155280173722849,0,0.475305778568349
"5",0.0263191115630201,0.411157658214666,0.0132861884281064,0.549237041794208
"6",0.0173268479096811,0.38938826569166,0.0179250849104472,0.575359801488212
"7",0.197268297026334,0,0,0.802731702973666
"8",0.123296076455877,0,0,0.876703923544123
"9",0.0975422026104248,0,0,0.902457797389575
"10",0,0.290505757221099,0,0.709494242778901
"11",0.911183577647207,0,0.0147848284843406,0.0740315938684528
"12",0.266031561515867,0.686307266238232,0,0.047661172245901
"13",0.270358754689726,0.667981472175743,0.0225417530637252,0.0391180200708064
"14",0.224835440643561,0.768539446707771,0.00358938945585112,0.00303572319281679
"15",0.150364487022784,0.438462108698153,0,0.411173404279063
"16",0.113556995258898,0.443541060449227,0,0.442901944291876
"17",0.109971069258797,0.492476523781143,0,0.397552406960059
"18",0,0.709477851802084,0,0.290522148197916
"19",0.292506972985417,0.689655032018176,0.00310055785555241,0.0147374371408537
"20",0.310074942237753,0.679585212877264,0,0.0103398448849834
"21",0,0.673810622768136,0,0.326189377231864
"22",0.52224606586503,0.435862294399266,0,0.0418916397357036
"23",0.109929682898055,0.505218042562731,0,0.384852274539214
"24",0.161811702441543,0,0.0263837177607508,0.811804579797706
"25",0.152757808544411,0.0949912230138799,0.00402228407744979,0.74822868436426
"26",0,0.251906109433736,0.042504496998959,0.705589393567305
"27",0.60574158251479,0.3664199400436,0.0060853856624971,0.0217530917791132
"28",0.733787118300845,0.266212881699155,0,0
"29",0.431314448282932,0.568685551717068,0,0
"30",0.792734581819698,0.197886166429313,0,0.00937925175098899
"31",0.743077432098229,0.256922567901771,0,0
"32",0.346702196254847,0.653297803745153,0,0
"33",0.594523032212546,0.296643385134623,0.0723512561880408,0.0364823264647899
"34",0.368575293961697,0.631424706038303,0,0
"35",0.439444222928239,0.551526546334673,0.00902923073708834,0
"36",0.791337566019674,0.201277623971157,0.00738481000916942,0
"37",0.467950223559674,0.489381877630177,0.0220708605598135,0.0205970382503359
"38",0.942563480677744,0,0.000419231716306291,0.05701728760595
"39",0.883187568719912,0.116812431280088,0,0
"40",0.962135943895486,0,0.00198225060656744,0.0358818054979467
"41",0.982818258372918,0,0.00476871856569102,0.0124130230613912
"42",0.725138349195446,0.274861650804554,0,0
"43",0.693791271459441,0.301964032965973,0,0.0042446955745861
"44",0.448263391783096,0.530552912471361,0.0211836957455428,0
"45",0.434843493022286,0,0,0.565156506977713
"46",0.930971538870684,0,0,0.0690284611293162
"47",0.348320497896972,0.630285333492241,0.00513960916872508,0.0162545594420625
"48",0.384565114712552,0.560197956442239,0.0070815346627716,0.0481553941824375
"49",0.729072868994169,0.270927131005832,0,0
"50",0.565338956750219,0.0993753871772632,0,0.335285656072518
"51",0.344626398018934,0.655373601981066,0,0
"52",0.847622094139597,0.152377905860403,0,0
"53",0.995516607311925,0,0.00448339268807452,0
"54",0.519120060980022,0.441040080384224,0.0197445489264932,0.0200953097092615
"55",0.516890017054338,0.397091270970107,0.0320339687275044,0.0539847432480507
"56",0.84411475189067,0.0841267844414696,0.0196739853311462,0.0520844783367143
"57",0.329585811408818,0.641922731633738,0.0284914569574434,0
"58",0.987179173262232,0,0,0.0128208267377676
"59",0.569648709442691,0.363553336568131,0.0377170639703094,0.0290808900188685
"60",0.699101296016582,0.289273629658787,0,0.0116250743246311
"61",0.911836325216741,0.035900340649759,0.00304237712308857,0.0492209570104111
"62",0.892758202227703,0.106886067368787,0.000355730403509423,0
"63",0.429761834197362,0.570238165802638,0,0
"64",0.319403833239,0.680596166761,0,0
"65",0.137812516217407,0.440680281929277,0.0116785718283839,0.409828630024931
"66",0.366059713177634,0.0350561869396009,0,0.598884099882765
"67",0.430293656220284,0.276298957619589,0.205959753786747,0.08744763237338
"68",0.453604019075908,0.107094296764448,0.129276257907487,0.310025426252157
"69",0.469490443097168,0.351070693928999,0.0851858455235217,0.0942530174503116
"70",0.00404004793785973,0,0.989369513903389,0.0065904381587508
"71",0,0.0538069353274759,0.946193064672524,0
"72",0,0.0350337472594394,0.96496625274056,0
"73",0,0.00851491389170314,0.991485086108297,0
"74",0,0.0208496717221118,0.979150328277888,0
"75",0.00189512569178935,0,0.998104874308211,0
"76",0.0136092905016262,0,0.975902270258762,0.0104884392396116
"77",0,0.00962466153296277,0.990375338467037,0
"78",0.040945907207546,0.00168454507749377,0.95736954771496,0
"79",0,0.0223104568365769,0.977689543163423,0
"80",0.232895591262924,0.173550822392906,0.511323836325879,0.0822297500182907
"81",0.129570465947769,0.139192158896364,0.683623633925432,0.0476137412304349
"82",0.188114376111124,0.139834290979629,0.610953162012134,0.0610981708971133
"83",0.181802960359752,0.05760880227773,0.732409470417957,0.0281787669445617
"84",0.158915464515736,0.0740327261665574,0.729162241458129,0.0378895678595778
"85",0.0913831359203328,0.126692605910489,0.751176899124965,0.0307473590442141
"86",0.133339889674599,0.0620226774220459,0.774461956300402,0.0301754766029528
"87",0.0963910016471014,0.122797950315954,0.752073900728601,0.0287371473083436
"88",0.0911032107830593,0.00188755639541143,0.871451828502198,0.0355574043193316
"89",0.175484718892522,0.152783136537975,0.616378214821136,0.0553539297483667
"90",0.0208587622645834,0,0.979141237735417,0
"91",0.162926392475236,0.151623554408896,0.630385788135129,0.0550642649807399
"92",0,0,1,0
"93",0.190486835486005,0.158452833770338,0.614866957391295,0.0361933733523615
"94",0.158382572228523,0.084136325416234,0.709627322261664,0.0478537800935787
"95",0.0742989542195517,0.0898538443328685,0.800074777009839,0.0357724244377407
"96",0.202679036163516,0.117963549115203,0.622874598393576,0.0564828163277054
