"","V1","V2","V3"
"1",1,0,0
"2",1,0,0
"3",1,0,0
"4",1,0,0
"5",0.950509223180919,0.0341880048783875,0.0153027719406938
"6",0.938989645711323,0.0372411809437329,0.0237691733449445
"7",1,0,0
"8",1,0,0
"9",0.99878560731237,0,0.00121439268763042
"10",1,0,0
"11",1,0,0
"12",0,0.985283863552533,0.014716136447467
"13",0.0220137468555941,0.961664156957426,0.0163220961869802
"14",0,1,0
"15",0,1,0
"16",0,1,0
"17",0,1,0
"18",0,0.997596288146634,0.00240371185336589
"19",0.000830496217654377,0.988841264467968,0.0103282393143779
"20",0,0.99751966276666,0.0024803372333405
"21",0.0102685775599691,0.97790601732514,0.0118254051148909
"22",0,1,0
"23",0,1,0
"24",0.960188998843262,0.0350337711557134,0.00477723000102474
"25",0.950924871235871,0.0443291554522621,0.00474597331186706
"26",0.864085460955003,0.103002955882429,0.0329115831625684
"27",0.868833680881188,0.125780953205896,0.00538536591291665
"28",0.186082696717209,0.813917303282791,0
"29",0.211065064203525,0.787948315051811,0.000986620744664508
"30",0.185406793802733,0.814593206197267,0
"31",0.119199292767281,0.880800707232719,0
"32",0.154291901160648,0.837076551792278,0.00863154704707384
"33",0.270381583366489,0.67869921547297,0.0509192011605402
"34",0.709079555243101,0.287611805604631,0.00330863915226838
"35",0.7185698936413,0.274159503181618,0.00727060317708256
"36",0.745084989594066,0.254915010405934,0
"37",0.580470444007599,0.404416118714447,0.0151134372779547
"38",0.828375191324911,0.171624808675089,0
"39",0.841473757218298,0.158526242781702,0
"40",0.758138927805661,0.241861072194339,0
"41",0.73735725808679,0.26264274191321,0
"42",0.155785536313098,0.844214463686902,0
"43",0.187540290277928,0.812459709722072,0
"44",0.209557002618628,0.771970481114722,0.0184725162666498
"45",1,0,0
"46",1,0,0
"47",0.234762193529101,0.750748384470444,0.0144894220004545
"48",0.195627989643878,0.782404553708966,0.0219674566471555
"49",0.170147906036694,0.829852093963306,0
"50",0.174319226855069,0.822859425175578,0.00282134796935243
"51",0.184237431921862,0.791554768818219,0.0242077992599185
"52",0.777426817627994,0.222573182372006,0
"53",0.774849164595737,0.225150835404263,0
"54",0.728652278123763,0.264349061191745,0.00699866068449232
"55",0.797742748301978,0.191284321024411,0.010972930673611
"56",0.835064301280829,0.164935698719171,0
"57",0.718265621698565,0.26430512681349,0.0174292514879456
"58",0.82112913916076,0.17887086083924,0
"59",0.711258972041582,0.267581975666894,0.0211590522915236
"60",0.69053769387335,0.30946230612665,0
"61",0.762492187724053,0.237507812275947,0
"62",0.698893990353408,0.301106009646592,0
"63",0.185218652649036,0.800331082292457,0.0144502650585063
"64",0.132735822174887,0.866500968102168,0.000763209722944842
"65",0.925620256348721,0.0481620868291071,0.0262176568221719
"66",1,0,0
"67",0.634531184919947,0.241322681295463,0.12414613378459
"68",0.790253391985445,0.142970625847234,0.0667759821673206
"69",0.762318746109247,0.157557898780849,0.080123355109904
"70",0,0,1
"71",0.0310235276412417,0.00889611923651544,0.960080353122243
"72",0.0255940711977263,0.0198829798223976,0.954522948979876
"73",0.0430503315418679,0.029047285328958,0.927902383129174
"74",0.00843471562743411,0.0148578035632845,0.976707480809281
"75",0,0,1
"76",0,0,1
"77",0.0216130941838065,0.00936774187488834,0.969019163941305
"78",0,0,1
"79",0.0120193016466977,0.0188599506645526,0.96912074768875
"80",0.311696133143924,0.232152913111036,0.45615095374504
"81",0.223062058915442,0.218966967585082,0.557970973499476
"82",0.268433709746033,0.210093094501395,0.521473195752571
"83",0.0943230781542016,0.0577150064888441,0.847961915356954
"84",0.0671882856501887,0.0852062202091345,0.847605494140677
"85",0.186401551138885,0.163782503177903,0.649815945683212
"86",0.0438538579551999,0.0297151923291071,0.926430949715693
"87",0.164829579990344,0.178260163396122,0.656910256613534
"88",0.0163252280825121,0.0143214272023601,0.969353344715128
"89",0.256817708004245,0.21372421676035,0.529458075235405
"90",0,0,1
"91",0.267535000387084,0.223374590860289,0.509090408752627
"92",0,0,1
"93",0.240786081873975,0.214337053187412,0.544876864938613
"94",0.105087595855406,0.0730974334107383,0.821814970733855
"95",0.150381069784517,0.158510508992333,0.691108421223151
"96",0.135845525229651,0.0921070136821442,0.772047461088205
