"","V1","V2","V3","V4"
"1",0.586580820306598,0,0,0.413419179693402
"2",0.570656755988357,0,0,0.429343244011643
"3",0.615426362998971,0,0,0.384573637001029
"4",0.643258690208188,0,0,0.356741309791812
"5",0.63197176619516,0,0,0.36802823380484
"6",0,0.082088783769648,0.0123491378492792,0.905562078381073
"7",0.0350080455229765,0.0323915238565304,0,0.932600430620493
"8",0.0998059425915434,0.0163519424630091,0,0.883842114945447
"9",0.0155543923344529,0.0430281108881877,0,0.941417496777359
"10",0.465152079411326,0,0,0.534847920588674
"11",0.520413363031842,0,0,0.479586636968158
"12",0,0.908893361239634,0,0.0911066387603661
"13",0.0124763039499146,0.897215303426454,0.0108120802167452,0.0794963124068859
"14",0.0136133709455604,0.944675942954509,0,0.0417106860999309
"15",0,0.97010273655812,0,0.0298972634418804
"16",0,0.949141699291187,0,0.0508583007088131
"17",0,0.955935731702104,0,0.0440642682978962
"18",0,0.909539280550067,0,0.0904607194499334
"19",0,0.90773085005457,0,0.0922691499454296
"20",0,0.924862892031476,0,0.0751371079685236
"21",0,0.909582903922689,0,0.0904170960773111
"22",0,0.936907605027402,0,0.0630923949725982
"23",0,0.939768051334056,0,0.0602319486659439
"24",0,0.0558878165208585,0,0.944112183479141
"25",0,0.0668671303774109,0,0.933132869622589
"26",0,0.135630298858749,0.00424596641837841,0.860123734722873
"27",0.738680310618026,0.00548035277438395,0.00457429653074834,0.251265040076841
"28",0.385607844047907,0.614392155952093,0,0
"29",0.380739018696185,0.619260981303815,0,0
"30",0.389506820512612,0.610493179487388,0,0
"31",0.3354441343252,0.6645558656748,0,0
"32",0.349537435718413,0.650462564281587,0,0
"33",0.406359088377001,0.5518056378199,0.0418352738030986,0
"34",0.933087398125028,0.0669126018749721,0,0
"35",0.963748151350611,0.0362518486493892,0,0
"36",0.889279664199405,0.0864273801473293,0,0.0242929556532654
"37",0.766100562423702,0.225619664023168,0.00827977355312948,0
"38",1,0,0,0
"39",0.944950482597355,0,0,0.0550495174026445
"40",0.759037590402397,0.101866476310992,0,0.13909593328661
"41",0.757477851131758,0.120079231551456,0,0.122442917316787
"42",0.337157992044226,0.662842007955774,0,0
"43",0.364760969064284,0.635239030935716,0,0
"44",0.379191816475708,0.620808183524292,0,0
"45",0.548191901317523,0,0,0.451808098682477
"46",0.57814076140451,0,0,0.42185923859549
"47",0.377790137362874,0.618041228573424,0.00416863406370207,0
"48",0.403160433732834,0.596839566267166,0,0
"49",0.371018390257051,0.62898160974295,0,0
"50",0.357202434064891,0.642797565935109,0,0
"51",0.369475856757603,0.630524143242397,0,0
"52",0.93022656686506,0.0517912071512216,0,0.0179822259837183
"53",0.974898155781113,0.0251018442188872,0,0
"54",0.746554741664169,0.121501918830361,0.00682532999716221,0.125118009508308
"55",0.957221456157366,0.0192794212397226,0.0113722897699701,0.0121268328329417
"56",0.954203197763054,0.0019041094774654,0,0.0438926927594809
"57",0.79594636829864,0.110137709545289,0.0166447276790775,0.0772711944769931
"58",0.942728250898397,0.0150112497698075,0,0.0422604993317958
"59",0.755857575024424,0.121231241326789,0.0190655356550075,0.103845647993779
"60",0.783320173908212,0.153794850213267,0,0.06288497587852
"61",0.701754820899031,0.108597453903918,0,0.18964772519705
"62",0.81929205986996,0.13922089904498,0,0.0414870410850601
"63",0.378306416558261,0.621693583441739,0,0
"64",0.353744036859595,0.646255963140405,0,0
"65",0.551137019724383,0,0.00999680094360467,0.438866179332012
"66",0.606506343064059,0,0,0.393493656935941
"67",0.448736362643284,0.157613546429585,0.113612685036348,0.280037405890782
"68",0.555777794679523,0.0507410263180397,0.0584464387827864,0.335034740219651
"69",0.55717632479975,0.0628978719533868,0.0717349317462093,0.308190871500654
"70",0,0,1,0
"71",0.0109158501176059,0.00931781200421126,0.951952635383771,0.0278137024944124
"72",0.0199204650153984,0.0174737662408599,0.946328305458382,0.0162774632853597
"73",0.0421331418697282,0.0216129597035963,0.918546185360048,0.0177077130666273
"74",0.0103894318370955,0.0145664698121127,0.970362058844032,0.00468203950675986
"75",0,0,1,0
"76",0,0,1,0
"77",0.0260234558116998,0.00639151242087759,0.961852081093936,0.00573295067348638
"78",0,0,1,0
"79",0,0.0170607887519384,0.953749237177645,0.0291899740704163
"80",0.239901419181888,0.176804064613886,0.437031827570232,0.146262688633994
"81",0.167642792577533,0.176085840359761,0.538469283695051,0.117802083367656
"82",0.213256027224099,0.159744253283021,0.501288996521944,0.125710722970936
"83",0.0943499205330163,0.0383587515697201,0.835476224955577,0.0318151029416869
"84",0.0771022127936522,0.0653298379271356,0.833533190228038,0.0240347590511746
"85",0.137010214938201,0.130062255667605,0.631215709678362,0.101711819715832
"86",0.0460722145425362,0.0213795011981172,0.917123302003682,0.0154249822556642
"87",0.143768745753667,0.141236518815174,0.639302288584331,0.0756924468468279
"88",0.0130758973852804,0.0135835158793765,0.962011910164388,0.0113286765709554
"89",0.223366822304868,0.159908202788318,0.508039938353705,0.108685036553109
"90",0,0,1,0
"91",0.209950643527894,0.172745777852875,0.48879967621042,0.12850390240881
"92",0,0,1,0
"93",0.198956779657239,0.166004485512962,0.526376874727526,0.108661860102273
"94",0.142178744844386,0.0414808919003787,0.807643986028392,0.00869637722684303
"95",0.115709771038733,0.128749024471497,0.674617842388172,0.0809233621015977
"96",0.0998328522921421,0.0706131837098097,0.758065670491977,0.0714882935060712
